25000.00
27000.00
23000.00
26000.00
32000.00
21000.00
24000.00
26000.00
28000.00
24000.00
27000.00
33000.00
22000.00
25000.00
27000.00
29000.00
25000.00
28000.00
34000.00
23000.00
26000.00
28000.00
30000.00
26000.00
29000.00
35000.00
24000.00
27000.00
30000.00
32000.00
28000.00
31000.00
37000.00
26000.00
29000.00
32000.00
34000.00
30000.00
33000.00
39000.00
28000.00
31000.00
34000.00
36000.00
32000.00
35000.00
41000.00
30000.00
33000.00
36000.00
38000.00
34000.00
37000.00
43000.00
32000.00
35000.00
38000.00
40000.00
36000.00
39000.00
45000.00
34000.00
37000.00
40000.00
42000.00
38000.00
41000.00
47000.00
36000.00
39000.00